# Single CRV
# 
# Power Supply voltage limit:      2.10E+01 V
# Power Supply current limit:      5.00E-06 A
# LCR measurement voltage:         1.00E+00 V
# LCR measurement frequency:       1.00E+06 Hz
# Voltage Delay:                      10.00 s
# 
# 
# 
# Nominal Voltage [V]	 Measured Voltage [V]	Freq [Hz]	R [Ohm]	R_Err [Ohm]	X [Ohm]	X_Err [Ohm]	Cs [F]	Cp [F]	Total Current [A]
-2.00000E+01	-1.99984E+01	1.00000E+06	1.60067E-01	1.43020E-03	-3.95964E+03	3.22490E-03	4.01943E-11	4.01943E-11	1.80936E-11
-3.00000E+01	-2.99510E+01	1.00000E+06	1.67903E-01	2.07822E-03	-3.95965E+03	2.09762E-03	4.01942E-11	4.01942E-11	2.09442E-10
-4.00000E+01	-3.99415E+01	1.00000E+06	1.80793E-01	1.84855E-03	-3.95966E+03	4.73286E-03	4.01941E-11	4.01941E-11	3.26868E-10
-5.00000E+01	-4.99539E+01	1.00000E+06	1.67051E-01	1.40449E-03	-3.95965E+03	4.28952E-03	4.01942E-11	4.01942E-11	5.08461E-10
-6.00000E+01	-5.99696E+01	1.00000E+06	1.61243E-01	1.71183E-03	-3.95966E+03	2.91548E-03	4.01941E-11	4.01941E-11	2.37100E-10
-7.00000E+01	-6.99635E+01	1.00000E+06	1.79707E-01	1.46116E-03	-3.95966E+03	3.68782E-03	4.01941E-11	4.01941E-11	1.96765E-10
-8.00000E+01	-7.99721E+01	1.00000E+06	1.81445E-01	1.75977E-03	-3.95965E+03	3.52136E-03	4.01942E-11	4.01942E-11	2.86655E-10
-9.00000E+01	-8.99569E+01	1.00000E+06	1.89680E-01	1.21654E-03	-3.95966E+03	2.89828E-03	4.01941E-11	4.01941E-11	3.38515E-10
-1.00000E+02	-9.99646E+01	1.00000E+06	1.80972E-01	1.64079E-03	-3.95966E+03	1.89737E-03	4.01941E-11	4.01941E-11	4.28982E-10
-1.10000E+02	-1.09943E+02	1.00000E+06	1.87639E-01	2.30182E-03	-3.95966E+03	2.52982E-03	4.01941E-11	4.01941E-11	4.62731E-10
-1.20000E+02	-1.19950E+02	1.00000E+06	1.87813E-01	1.17968E-03	-3.95966E+03	2.62679E-03	4.01941E-11	4.01941E-11	3.53085E-10
-1.30000E+02	-1.29937E+02	1.00000E+06	1.92078E-01	1.05428E-03	-3.95966E+03	3.47851E-03	4.01941E-11	4.01941E-11	2.34548E-10
-1.40000E+02	-1.39941E+02	1.00000E+06	1.90393E-01	2.10536E-03	-3.95967E+03	3.47851E-03	4.01940E-11	4.01940E-11	2.47307E-10
-1.50000E+02	-1.49932E+02	1.00000E+06	1.86543E-01	1.00831E-03	-3.95967E+03	3.09839E-03	4.01940E-11	4.01940E-11	4.81992E-10
-1.60000E+02	-1.59945E+02	1.00000E+06	1.84132E-01	2.04365E-03	-3.95966E+03	3.46410E-03	4.01941E-11	4.01941E-11	2.77640E-10
-1.70000E+02	-1.69942E+02	1.00000E+06	1.78149E-01	3.64657E-03	-3.95966E+03	5.14782E-03	4.01940E-11	4.01940E-11	5.31341E-10
-1.80000E+02	-1.79955E+02	1.00000E+06	2.52139E-01	1.73665E-03	-3.95969E+03	3.52136E-03	4.01938E-11	4.01938E-11	6.48971E-10
-1.90000E+02	-1.89945E+02	1.00000E+06	2.51227E-01	1.59770E-03	-3.95969E+03	3.47851E-03	4.01938E-11	4.01938E-11	5.36321E-10
-2.00000E+02	-1.99958E+02	1.00000E+06	2.60692E-01	2.18188E-03	-3.95969E+03	3.47851E-03	4.01938E-11	4.01938E-11	2.53933E-10
-2.10000E+02	-2.09956E+02	1.00000E+06	2.71256E-01	2.73085E-03	-3.95969E+03	4.25441E-03	4.01938E-11	4.01938E-11	2.18330E-10
-2.20000E+02	-2.19968E+02	1.00000E+06	2.77315E-01	2.60666E-03	-3.95969E+03	4.89898E-03	4.01938E-11	4.01938E-11	4.47089E-10
-2.30000E+02	-2.29960E+02	1.00000E+06	4.66125E-01	1.59839E-03	-3.95978E+03	2.62679E-03	4.01929E-11	4.01929E-11	4.33547E-10
-2.40000E+02	-2.39966E+02	1.00000E+06	4.63716E-01	1.81442E-03	-3.95978E+03	3.79473E-03	4.01928E-11	4.01928E-11	4.47417E-10
-2.50000E+02	-2.49974E+02	1.00000E+06	2.67233E-01	1.36150E-03	-3.95969E+03	3.47851E-03	4.01938E-11	4.01938E-11	5.18539E-10
-2.60000E+02	-2.59962E+02	1.00000E+06	2.65633E-01	3.23599E-03	-3.95969E+03	5.37587E-03	4.01938E-11	4.01938E-11	2.61629E-10
-2.70000E+02	-2.69962E+02	1.00000E+06	2.79008E-01	1.86298E-03	-3.95970E+03	2.46982E-03	4.01937E-11	4.01937E-11	3.53535E-10
-2.80000E+02	-2.79949E+02	1.00000E+06	2.96107E-01	1.49759E-03	-3.95970E+03	3.22490E-03	4.01937E-11	4.01937E-11	3.52999E-10
-2.90000E+02	-2.89956E+02	1.00000E+06	2.78737E-01	1.55448E-03	-3.95970E+03	2.52982E-03	4.01937E-11	4.01937E-11	2.87722E-10
-3.00000E+02	-2.99946E+02	1.00000E+06	2.91386E-01	1.84549E-03	-3.95970E+03	5.29150E-03	4.01937E-11	4.01937E-11	3.86954E-10
-3.10000E+02	-3.09958E+02	1.00000E+06	2.89391E-01	2.04565E-03	-3.95969E+03	3.16228E-03	4.01938E-11	4.01938E-11	3.82057E-10
-3.20000E+02	-3.19955E+02	1.00000E+06	2.95147E-01	1.94823E-03	-3.95970E+03	2.36643E-03	4.01937E-11	4.01937E-11	5.46730E-10
-3.30000E+02	-3.29969E+02	1.00000E+06	3.09265E-01	1.25412E-03	-3.95970E+03	3.59166E-03	4.01937E-11	4.01937E-11	4.94994E-10
-3.40000E+02	-3.39959E+02	1.00000E+06	3.05512E-01	2.18311E-03	-3.95970E+03	4.28952E-03	4.01937E-11	4.01937E-11	3.97696E-10
-3.50000E+02	-3.49973E+02	1.00000E+06	3.03329E-01	9.68952E-04	-3.95970E+03	3.17805E-03	4.01937E-11	4.01937E-11	3.41433E-10
-3.60000E+02	-3.59969E+02	1.00000E+06	2.93181E-01	2.03895E-03	-3.95970E+03	4.04969E-03	4.01937E-11	4.01937E-11	2.35574E-10
-3.70000E+02	-3.69980E+02	1.00000E+06	2.85301E-01	1.77600E-03	-3.95971E+03	3.59166E-03	4.01936E-11	4.01936E-11	5.01866E-10
-3.80000E+02	-3.79975E+02	1.00000E+06	3.01063E-01	1.12540E-03	-3.95970E+03	2.54951E-03	4.01937E-11	4.01937E-11	3.91686E-10
-3.90000E+02	-3.89979E+02	1.00000E+06	2.97978E-01	2.98274E-03	-3.95970E+03	3.94968E-03	4.01937E-11	4.01937E-11	3.06653E-10
-4.00000E+02	-3.99967E+02	1.00000E+06	2.94811E-01	1.92049E-03	-3.95970E+03	3.75500E-03	4.01937E-11	4.01937E-11	6.20277E-10
-4.10000E+02	-4.09972E+02	1.00000E+06	2.92313E-01	9.92790E-04	-3.95971E+03	1.70294E-03	4.01936E-11	4.01936E-11	3.18260E-10
-4.20000E+02	-4.19955E+02	1.00000E+06	3.11073E-01	1.89321E-03	-3.95971E+03	4.01248E-03	4.01936E-11	4.01936E-11	3.82631E-10
-4.30000E+02	-4.29959E+02	1.00000E+06	3.04533E-01	1.53588E-03	-3.95970E+03	3.22490E-03	4.01937E-11	4.01937E-11	6.85923E-10
-4.40000E+02	-4.39966E+02	1.00000E+06	3.06941E-01	1.16796E-03	-3.95971E+03	3.74166E-03	4.01936E-11	4.01936E-11	6.07106E-10
-4.50000E+02	-4.49952E+02	1.00000E+06	3.01256E-01	2.35590E-03	-3.95970E+03	3.59166E-03	4.01937E-11	4.01937E-11	5.00383E-10
-4.60000E+02	-4.59965E+02	1.00000E+06	4.89870E-01	1.38882E-03	-3.95979E+03	3.30151E-03	4.01928E-11	4.01928E-11	4.66633E-10
-4.70000E+02	-4.69960E+02	1.00000E+06	4.97728E-01	2.53904E-03	-3.95978E+03	3.17805E-03	4.01928E-11	4.01928E-11	3.27108E-10
-4.80000E+02	-4.79970E+02	1.00000E+06	4.74634E-01	1.45496E-03	-3.95979E+03	3.22490E-03	4.01928E-11	4.01928E-11	4.47906E-10
-4.90000E+02	-4.89960E+02	1.00000E+06	4.97452E-01	1.66987E-03	-3.95979E+03	3.94968E-03	4.01928E-11	4.01928E-11	4.84125E-10
-5.00000E+02	-4.99972E+02	1.00000E+06	4.96349E-01	2.11840E-03	-3.95979E+03	4.78539E-03	4.01928E-11	4.01928E-11	4.00163E-10
